epoch,time,train/box_loss,train/cls_loss,train/dfl_loss,metrics/precision(B),metrics/recall(B),metrics/mAP50(B),metrics/mAP50-95(B),val/box_loss,val/cls_loss,val/dfl_loss,lr/pg0,lr/pg1,lr/pg2
1,23.1523,1.18958,3.16429,1.06419,0.7714,0.8265,0.90549,0.74526,0.6747,1.13357,0.87175,8.18713e-05,8.18713e-05,8.18713e-05
2,30.8445,0.65479,0.74919,0.86697,0.99129,0.99605,0.99499,0.89942,0.43202,0.41024,0.81304,0.000164387,0.000164387,0.000164387
3,37.8238,0.51071,0.50749,0.83101,0.99857,0.99978,0.995,0.93418,0.34966,0.33181,0.79498,0.000246077,0.000246077,0.000246077
4,44.7877,0.46797,0.4384,0.81751,0.99909,0.99988,0.995,0.94807,0.29873,0.29302,0.78781,0.000246287,0.000246287,0.000246287
5,51.6736,0.43397,0.39162,0.81281,0.99934,0.99998,0.995,0.95053,0.30043,0.28081,0.78392,0.00024505,0.00024505,0.00024505
6,58.6402,0.45058,0.3866,0.81481,0.99932,0.99997,0.995,0.94414,0.32319,0.27198,0.787,0.000243812,0.000243812,0.000243812
7,65.4691,0.44322,0.36961,0.81406,0.99936,0.9998,0.995,0.9415,0.33335,0.26563,0.78817,0.000242575,0.000242575,0.000242575
8,72.7679,0.39288,0.34715,0.80523,0.99957,1,0.995,0.96457,0.25038,0.237,0.77874,0.000241337,0.000241337,0.000241337
9,80.0053,0.3507,0.32115,0.79894,0.99947,0.99992,0.995,0.97649,0.21791,0.2173,0.77504,0.0002401,0.0002401,0.0002401
10,87.2926,0.34778,0.30886,0.80036,0.99964,1,0.995,0.95462,0.29319,0.22489,0.78023,0.000238862,0.000238862,0.000238862
11,94.2928,0.3672,0.30772,0.79933,0.99962,1,0.995,0.9719,0.23137,0.21064,0.77485,0.000237625,0.000237625,0.000237625
12,101.362,0.33012,0.29352,0.79572,0.99965,1,0.995,0.96446,0.24845,0.20928,0.77696,0.000236387,0.000236387,0.000236387
13,108.463,0.31595,0.28238,0.79447,0.99963,1,0.995,0.98306,0.19953,0.19917,0.77122,0.00023515,0.00023515,0.00023515
14,115.527,0.30979,0.27828,0.79397,0.99967,1,0.995,0.97856,0.21881,0.19649,0.77378,0.000233913,0.000233913,0.000233913
15,122.407,0.32404,0.27565,0.79443,0.99962,1,0.995,0.97296,0.22881,0.19872,0.77543,0.000232675,0.000232675,0.000232675
16,129.411,0.30457,0.26566,0.79251,0.99958,1,0.995,0.95029,0.298,0.20836,0.78106,0.000231438,0.000231438,0.000231438
17,136.339,0.31033,0.26782,0.79227,0.99965,1,0.995,0.97763,0.22135,0.19343,0.7732,0.0002302,0.0002302,0.0002302
18,143.176,0.28618,0.25593,0.79054,0.99971,1,0.995,0.9776,0.20463,0.18131,0.77124,0.000228963,0.000228963,0.000228963
19,150.012,0.27305,0.24646,0.78847,0.9997,1,0.995,0.96529,0.25357,0.19111,0.77604,0.000227725,0.000227725,0.000227725
20,156.922,0.28911,0.24947,0.78982,0.99972,1,0.995,0.98558,0.19376,0.17524,0.77062,0.000226488,0.000226488,0.000226488
21,163.824,0.3068,0.25254,0.7925,0.99966,1,0.995,0.98806,0.19966,0.18313,0.76926,0.00022525,0.00022525,0.00022525
22,170.688,0.28526,0.24595,0.79119,0.99974,1,0.995,0.98812,0.17231,0.16982,0.76947,0.000224013,0.000224013,0.000224013
23,177.47,0.28583,0.24424,0.78927,0.99976,1,0.995,0.98195,0.19367,0.16898,0.77071,0.000222775,0.000222775,0.000222775
24,184.256,0.25665,0.23031,0.78588,0.9997,1,0.995,0.98559,0.18275,0.16601,0.76984,0.000221538,0.000221538,0.000221538
25,191.1,0.25915,0.23123,0.78651,0.99963,1,0.995,0.98265,0.19017,0.17133,0.76997,0.0002203,0.0002203,0.0002203
26,198.082,0.25751,0.22964,0.78743,0.99969,1,0.995,0.98785,0.18505,0.17093,0.76883,0.000219062,0.000219062,0.000219062
27,205.034,0.26035,0.22997,0.78541,0.99972,1,0.995,0.99142,0.15657,0.15826,0.76727,0.000217825,0.000217825,0.000217825
28,211.937,0.24514,0.22263,0.78587,0.99968,1,0.995,0.98962,0.17666,0.16541,0.76818,0.000216587,0.000216587,0.000216587
29,218.733,0.26097,0.22734,0.78511,0.99969,1,0.995,0.9902,0.16131,0.15805,0.76743,0.00021535,0.00021535,0.00021535
30,225.694,0.24781,0.21857,0.78635,0.99972,1,0.995,0.99041,0.15985,0.15413,0.76638,0.000214112,0.000214112,0.000214112
31,232.53,0.24964,0.21763,0.78433,0.99974,1,0.995,0.98802,0.1712,0.15567,0.76778,0.000212875,0.000212875,0.000212875
32,239.563,0.248,0.2171,0.78326,0.99973,1,0.995,0.98993,0.16688,0.15581,0.76723,0.000211638,0.000211638,0.000211638
33,246.595,0.25877,0.21747,0.78424,0.99975,1,0.995,0.97866,0.21715,0.16659,0.77082,0.0002104,0.0002104,0.0002104
34,253.526,0.24461,0.21503,0.78419,0.99972,1,0.995,0.99213,0.1542,0.15607,0.7663,0.000209162,0.000209162,0.000209162
35,260.375,0.24808,0.21696,0.78498,0.99971,1,0.995,0.98575,0.18861,0.16483,0.76842,0.000207925,0.000207925,0.000207925
36,267.117,0.25065,0.21549,0.78426,0.99972,1,0.995,0.9559,0.28033,0.18319,0.77694,0.000206688,0.000206688,0.000206688
37,273.862,0.25179,0.21353,0.78444,0.99974,1,0.995,0.99134,0.15055,0.14356,0.76645,0.00020545,0.00020545,0.00020545
38,280.777,0.22864,0.20661,0.78242,0.99972,1,0.995,0.99272,0.14874,0.14979,0.76562,0.000204212,0.000204212,0.000204212
39,287.671,0.22475,0.20279,0.78184,0.99974,1,0.995,0.99331,0.14432,0.14319,0.7654,0.000202975,0.000202975,0.000202975
40,294.663,0.22702,0.20177,0.78198,0.99976,1,0.995,0.99259,0.15801,0.14992,0.76586,0.000201737,0.000201737,0.000201737
41,301.786,0.2254,0.203,0.78169,0.99972,1,0.995,0.9871,0.17306,0.15342,0.76693,0.0002005,0.0002005,0.0002005
42,308.843,0.22853,0.20423,0.78299,0.99973,1,0.995,0.98843,0.16998,0.15046,0.76672,0.000199263,0.000199263,0.000199263
43,315.492,0.21944,0.19827,0.77985,0.99975,1,0.995,0.99327,0.14896,0.14603,0.76572,0.000198025,0.000198025,0.000198025
44,322.599,0.22069,0.1981,0.78084,0.99974,1,0.995,0.99243,0.14648,0.1401,0.76508,0.000196788,0.000196788,0.000196788
45,329.481,0.22147,0.19732,0.78231,0.99976,1,0.995,0.9838,0.20121,0.15639,0.76903,0.00019555,0.00019555,0.00019555
46,336.587,0.23418,0.20217,0.78074,0.99971,1,0.995,0.99184,0.16335,0.15024,0.76634,0.000194313,0.000194313,0.000194313
47,343.53,0.24079,0.20073,0.78426,0.99976,1,0.995,0.99386,0.13353,0.1351,0.76454,0.000193075,0.000193075,0.000193075
48,350.58,0.2126,0.19189,0.78026,0.99976,1,0.995,0.99272,0.14724,0.1403,0.76501,0.000191837,0.000191837,0.000191837
49,357.512,0.20194,0.18618,0.77937,0.99972,1,0.995,0.99329,0.14496,0.14023,0.76506,0.0001906,0.0001906,0.0001906
50,364.576,0.20882,0.18918,0.7802,0.99971,1,0.995,0.99419,0.13209,0.13387,0.76424,0.000189363,0.000189363,0.000189363
51,371.469,0.20939,0.18631,0.77962,0.99973,1,0.995,0.99427,0.13108,0.13049,0.76415,0.000188125,0.000188125,0.000188125
52,378.633,0.2083,0.18704,0.77947,0.99973,1,0.995,0.99338,0.14054,0.13491,0.76494,0.000186888,0.000186888,0.000186888
53,385.613,0.2163,0.19044,0.78137,0.99974,1,0.995,0.99032,0.16403,0.14381,0.76609,0.00018565,0.00018565,0.00018565
54,392.458,0.22546,0.1907,0.78193,0.99975,1,0.995,0.99218,0.14845,0.13653,0.76476,0.000184413,0.000184413,0.000184413
55,399.569,0.19889,0.18028,0.77839,0.99978,1,0.995,0.99328,0.13561,0.1326,0.76475,0.000183175,0.000183175,0.000183175
56,406.622,0.20802,0.18627,0.77934,0.99972,1,0.995,0.98536,0.17867,0.14559,0.7671,0.000181937,0.000181937,0.000181937
57,413.527,0.20751,0.18329,0.77864,0.99976,1,0.995,0.99309,0.14524,0.13461,0.7643,0.0001807,0.0001807,0.0001807
58,420.583,0.19838,0.17893,0.77913,0.99977,1,0.995,0.9935,0.13781,0.13034,0.76432,0.000179463,0.000179463,0.000179463
59,427.475,0.19553,0.17768,0.77756,0.99974,1,0.995,0.99472,0.12098,0.12536,0.76308,0.000178225,0.000178225,0.000178225
60,434.436,0.19839,0.17961,0.78005,0.99975,1,0.995,0.99433,0.12993,0.12965,0.76357,0.000176988,0.000176988,0.000176988
61,441.306,0.20011,0.18001,0.7795,0.99977,1,0.995,0.99359,0.13789,0.13208,0.76432,0.00017575,0.00017575,0.00017575
62,448.301,0.19589,0.18134,0.77839,0.99976,1,0.995,0.99324,0.14366,0.13138,0.76415,0.000174513,0.000174513,0.000174513
63,455.064,0.19341,0.17677,0.77818,0.99977,1,0.995,0.99366,0.14457,0.13357,0.76419,0.000173275,0.000173275,0.000173275
64,461.885,0.1968,0.17776,0.77885,0.99972,1,0.995,0.99374,0.13861,0.13248,0.76373,0.000172038,0.000172038,0.000172038
65,468.737,0.20899,0.18251,0.77977,0.99973,1,0.995,0.99367,0.1422,0.12923,0.76355,0.0001708,0.0001708,0.0001708
66,475.505,0.20739,0.17917,0.77912,0.99977,1,0.995,0.99271,0.14905,0.13132,0.76477,0.000169563,0.000169563,0.000169563
67,482.438,0.20022,0.17525,0.778,0.99978,1,0.995,0.99435,0.12316,0.124,0.7633,0.000168325,0.000168325,0.000168325
68,489.272,0.1893,0.17311,0.77789,0.99974,1,0.995,0.99475,0.11953,0.12223,0.76308,0.000167088,0.000167088,0.000167088
69,496.099,0.19336,0.1738,0.77922,0.99977,1,0.995,0.99411,0.13728,0.12845,0.76329,0.00016585,0.00016585,0.00016585
70,502.869,0.18512,0.17032,0.77781,0.99978,1,0.995,0.99467,0.11325,0.11894,0.76243,0.000164612,0.000164612,0.000164612
71,509.705,0.18277,0.16934,0.7768,0.99977,1,0.995,0.99385,0.13707,0.12739,0.76306,0.000163375,0.000163375,0.000163375
72,516.454,0.18478,0.16938,0.77807,0.99979,1,0.995,0.99481,0.11761,0.12064,0.76252,0.000162138,0.000162138,0.000162138
73,523.522,0.18494,0.16964,0.77775,0.99973,1,0.995,0.99469,0.11434,0.11811,0.76244,0.0001609,0.0001609,0.0001609
74,530.549,0.18631,0.17007,0.77696,0.99977,1,0.995,0.99474,0.11508,0.1196,0.76241,0.000159663,0.000159663,0.000159663
75,537.458,0.18514,0.1695,0.77836,0.99977,1,0.995,0.99114,0.15663,0.13153,0.76484,0.000158425,0.000158425,0.000158425
76,544.371,0.17903,0.16526,0.77751,0.99978,1,0.995,0.99408,0.12566,0.12233,0.76292,0.000157188,0.000157188,0.000157188
77,551.312,0.18608,0.17066,0.77763,0.99977,1,0.995,0.99441,0.13245,0.1265,0.76328,0.00015595,0.00015595,0.00015595
78,558.241,0.19354,0.17032,0.77706,0.99976,1,0.995,0.99383,0.14028,0.12707,0.76396,0.000154712,0.000154712,0.000154712
79,565.167,0.1814,0.16617,0.77633,0.99975,1,0.995,0.99489,0.10875,0.11466,0.76228,0.000153475,0.000153475,0.000153475
80,571.934,0.18281,0.16613,0.7767,0.99976,1,0.995,0.99475,0.11368,0.11591,0.76208,0.000152238,0.000152238,0.000152238
81,578.624,0.17553,0.16248,0.7753,0.99977,1,0.995,0.99362,0.14119,0.1246,0.7631,0.000151,0.000151,0.000151
82,585.541,0.18193,0.16517,0.77652,0.99976,1,0.995,0.99452,0.11433,0.11501,0.76198,0.000149762,0.000149762,0.000149762
83,592.586,0.1851,0.1643,0.77684,0.99979,1,0.995,0.99474,0.1169,0.11784,0.76236,0.000148525,0.000148525,0.000148525
84,599.654,0.18063,0.16396,0.77803,0.99978,1,0.995,0.99436,0.12179,0.11731,0.76246,0.000147287,0.000147287,0.000147287
85,606.553,0.16941,0.15895,0.77678,0.99979,1,0.995,0.99419,0.12874,0.12067,0.76233,0.00014605,0.00014605,0.00014605
86,613.431,0.17567,0.16183,0.77535,0.99976,1,0.995,0.99484,0.11169,0.11335,0.76159,0.000144812,0.000144812,0.000144812
87,620.28,0.17646,0.16208,0.77625,0.99979,1,0.995,0.99432,0.12522,0.11961,0.76274,0.000143575,0.000143575,0.000143575
88,627.258,0.17328,0.16018,0.7775,0.99976,1,0.995,0.99491,0.10679,0.11257,0.76178,0.000142337,0.000142337,0.000142337
89,634.155,0.17644,0.16068,0.77524,0.99979,1,0.995,0.99486,0.10292,0.11011,0.76137,0.0001411,0.0001411,0.0001411
90,640.936,0.17762,0.16125,0.77655,0.99978,1,0.995,0.99455,0.12217,0.11477,0.76236,0.000139862,0.000139862,0.000139862
91,647.81,0.17004,0.15615,0.7758,0.99978,0.99995,0.995,0.99465,0.11223,0.11337,0.76193,0.000138625,0.000138625,0.000138625
92,654.686,0.17088,0.15715,0.77573,0.9998,1,0.995,0.99489,0.10683,0.10948,0.76128,0.000137387,0.000137387,0.000137387
93,661.495,0.17053,0.15752,0.77618,0.99979,1,0.995,0.99472,0.11644,0.11348,0.76189,0.00013615,0.00013615,0.00013615
94,668.381,0.17419,0.15821,0.77611,0.99978,1,0.995,0.99495,0.1065,0.11013,0.76143,0.000134913,0.000134913,0.000134913
95,675.186,0.17063,0.15648,0.77535,0.99977,0.99999,0.995,0.99373,0.13518,0.11946,0.76322,0.000133675,0.000133675,0.000133675
96,681.997,0.17337,0.1569,0.77507,0.99978,1,0.995,0.99479,0.10819,0.10935,0.76182,0.000132438,0.000132438,0.000132438
97,688.818,0.16667,0.15394,0.77699,0.99978,1,0.995,0.99478,0.1092,0.11022,0.76158,0.0001312,0.0001312,0.0001312
98,695.684,0.16664,0.15249,0.77528,0.9998,1,0.995,0.99431,0.12296,0.11429,0.76218,0.000129963,0.000129963,0.000129963
99,702.467,0.1722,0.1563,0.77548,0.99978,1,0.995,0.99494,0.10088,0.1062,0.76106,0.000128725,0.000128725,0.000128725
100,709.296,0.17007,0.15565,0.77523,0.99979,1,0.995,0.99489,0.10667,0.10819,0.76129,0.000127488,0.000127488,0.000127488
101,716.117,0.16748,0.15358,0.77623,0.99978,1,0.995,0.99492,0.1081,0.10944,0.76216,0.00012625,0.00012625,0.00012625
102,722.873,0.16554,0.15145,0.77496,0.99979,1,0.995,0.99398,0.12612,0.11348,0.76243,0.000125013,0.000125013,0.000125013
103,729.647,0.1631,0.15097,0.77374,0.9998,1,0.995,0.99485,0.10856,0.10747,0.76141,0.000123775,0.000123775,0.000123775
104,736.409,0.16349,0.15138,0.77475,0.99976,1,0.995,0.99465,0.10846,0.10831,0.76131,0.000122537,0.000122537,0.000122537
105,743.18,0.16693,0.15183,0.7753,0.99979,1,0.995,0.99493,0.10037,0.1045,0.76102,0.0001213,0.0001213,0.0001213
106,749.997,0.16036,0.14904,0.77413,0.9998,1,0.995,0.99479,0.11205,0.10731,0.76146,0.000120063,0.000120063,0.000120063
107,756.709,0.15864,0.14945,0.7759,0.99979,1,0.995,0.99481,0.11589,0.10983,0.76161,0.000118825,0.000118825,0.000118825
108,763.533,0.16226,0.14994,0.77388,0.99979,1,0.995,0.99491,0.10173,0.1039,0.76118,0.000117588,0.000117588,0.000117588
109,770.444,0.15926,0.14864,0.77451,0.99977,1,0.995,0.99476,0.11459,0.10978,0.76134,0.00011635,0.00011635,0.00011635
110,777.337,0.16476,0.15159,0.77581,0.9998,1,0.995,0.99405,0.12868,0.11387,0.76197,0.000115112,0.000115112,0.000115112
111,784.049,0.15982,0.14785,0.77451,0.99978,1,0.995,0.99485,0.10767,0.10521,0.76096,0.000113875,0.000113875,0.000113875
112,790.84,0.16252,0.14785,0.77574,0.99976,1,0.995,0.99496,0.09943,0.10449,0.76082,0.000112637,0.000112637,0.000112637
113,797.608,0.16359,0.14783,0.77533,0.99981,1,0.995,0.99493,0.09616,0.10066,0.76054,0.0001114,0.0001114,0.0001114
114,804.365,0.16437,0.14968,0.77316,0.99981,1,0.995,0.99493,0.10332,0.10265,0.76098,0.000110163,0.000110163,0.000110163
115,811.251,0.15729,0.1454,0.77485,0.99978,1,0.995,0.99485,0.10379,0.10244,0.76099,0.000108925,0.000108925,0.000108925
116,818.156,0.15353,0.14271,0.77461,0.9998,1,0.995,0.9948,0.1245,0.1117,0.76186,0.000107688,0.000107688,0.000107688
117,824.779,0.162,0.14762,0.77394,0.99979,1,0.995,0.99493,0.10519,0.10291,0.76114,0.00010645,0.00010645,0.00010645
118,831.488,0.15338,0.14275,0.77452,0.99979,1,0.995,0.99495,0.1009,0.10016,0.76077,0.000105213,0.000105213,0.000105213
119,838.43,0.15344,0.14356,0.77396,0.9998,1,0.995,0.99498,0.10045,0.10178,0.76079,0.000103975,0.000103975,0.000103975
120,845.476,0.15484,0.14461,0.77467,0.9998,1,0.995,0.99491,0.10495,0.10328,0.76067,0.000102738,0.000102738,0.000102738
121,852.325,0.15444,0.14396,0.77333,0.99979,1,0.995,0.99486,0.11183,0.10578,0.76117,0.0001015,0.0001015,0.0001015
122,859.136,0.15374,0.14262,0.77451,0.99979,1,0.995,0.99493,0.10954,0.10364,0.76098,0.000100263,0.000100263,0.000100263
123,865.95,0.15563,0.14343,0.77516,0.99979,1,0.995,0.99485,0.10765,0.10248,0.76103,9.9025e-05,9.9025e-05,9.9025e-05
124,872.798,0.15358,0.14228,0.77326,0.99977,1,0.995,0.99497,0.09598,0.0993,0.76032,9.77875e-05,9.77875e-05,9.77875e-05
125,879.501,0.15661,0.14367,0.77524,0.99981,1,0.995,0.99495,0.1018,0.10114,0.76075,9.655e-05,9.655e-05,9.655e-05
126,886.501,0.15584,0.1431,0.77319,0.9998,1,0.995,0.99467,0.11105,0.10587,0.761,9.53125e-05,9.53125e-05,9.53125e-05
127,893.539,0.14953,0.13971,0.77425,0.99981,1,0.995,0.99478,0.10631,0.10271,0.76066,9.4075e-05,9.4075e-05,9.4075e-05
128,900.35,0.14995,0.13961,0.77455,0.99981,1,0.995,0.99495,0.10031,0.09909,0.76022,9.28375e-05,9.28375e-05,9.28375e-05
129,907.435,0.14712,0.13753,0.77283,0.99979,1,0.995,0.99482,0.10934,0.10297,0.76095,9.16e-05,9.16e-05,9.16e-05
130,914.255,0.14811,0.13829,0.77215,0.9998,1,0.995,0.99484,0.11081,0.10349,0.76081,9.03625e-05,9.03625e-05,9.03625e-05
131,921.124,0.15184,0.14055,0.77418,0.99981,1,0.995,0.99498,0.09607,0.09829,0.75983,8.9125e-05,8.9125e-05,8.9125e-05
132,928.058,0.1549,0.14162,0.77445,0.99982,1,0.995,0.99497,0.09551,0.09798,0.75982,8.78875e-05,8.78875e-05,8.78875e-05
133,935.01,0.16015,0.14404,0.77482,0.99978,1,0.995,0.99497,0.08902,0.09374,0.75954,8.665e-05,8.665e-05,8.665e-05
134,941.831,0.15578,0.14014,0.77335,0.99981,1,0.995,0.9949,0.09948,0.09791,0.75989,8.54125e-05,8.54125e-05,8.54125e-05
135,948.679,0.14709,0.13635,0.77362,0.99981,1,0.995,0.99494,0.10314,0.09899,0.76008,8.4175e-05,8.4175e-05,8.4175e-05
136,955.491,0.15569,0.14203,0.77388,0.9998,1,0.995,0.99493,0.09242,0.0958,0.75997,8.29375e-05,8.29375e-05,8.29375e-05
137,962.358,0.1466,0.1357,0.77374,0.99983,1,0.995,0.99491,0.09542,0.09523,0.75996,8.17e-05,8.17e-05,8.17e-05
138,969.31,0.14578,0.13529,0.77466,0.99982,1,0.995,0.99485,0.11216,0.10303,0.7604,8.04625e-05,8.04625e-05,8.04625e-05
139,976.176,0.1526,0.14082,0.77235,0.99981,1,0.995,0.99487,0.10492,0.09982,0.76016,7.9225e-05,7.9225e-05,7.9225e-05
140,983.103,0.14445,0.13542,0.77294,0.99981,1,0.995,0.99486,0.09854,0.0971,0.75975,7.79875e-05,7.79875e-05,7.79875e-05
141,989.969,0.14784,0.13776,0.77331,0.99982,1,0.995,0.99497,0.08926,0.09276,0.75936,7.675e-05,7.675e-05,7.675e-05
142,996.839,0.14619,0.13651,0.77185,0.99981,1,0.995,0.99496,0.09178,0.09327,0.75987,7.55125e-05,7.55125e-05,7.55125e-05
143,1003.66,0.14486,0.13541,0.77399,0.99982,1,0.995,0.99493,0.09126,0.0932,0.75979,7.4275e-05,7.4275e-05,7.4275e-05
144,1010.66,0.14652,0.13578,0.77339,0.99981,1,0.995,0.99481,0.09849,0.09599,0.76021,7.30375e-05,7.30375e-05,7.30375e-05
145,1017.59,0.14278,0.13468,0.77329,0.99982,1,0.995,0.99489,0.10501,0.0981,0.76063,7.18e-05,7.18e-05,7.18e-05
146,1024.43,0.14539,0.13514,0.77297,0.99981,1,0.995,0.99491,0.10541,0.09923,0.76029,7.05625e-05,7.05625e-05,7.05625e-05
147,1031.3,0.14088,0.13373,0.77416,0.9998,1,0.995,0.99499,0.09198,0.09272,0.75973,6.9325e-05,6.9325e-05,6.9325e-05
148,1038.15,0.14545,0.1363,0.773,0.9998,1,0.995,0.99499,0.09095,0.09256,0.75957,6.80875e-05,6.80875e-05,6.80875e-05
149,1045.21,0.14096,0.13255,0.77319,0.99981,1,0.995,0.99499,0.09362,0.09353,0.75943,6.685e-05,6.685e-05,6.685e-05
150,1052.35,0.13946,0.1306,0.77146,0.9998,1,0.995,0.99497,0.09418,0.09407,0.75942,6.56125e-05,6.56125e-05,6.56125e-05
151,1059.2,0.14147,0.13264,0.77218,0.99981,1,0.995,0.995,0.08891,0.09126,0.75919,6.4375e-05,6.4375e-05,6.4375e-05
152,1065.91,0.14319,0.13331,0.77257,0.99983,1,0.995,0.99496,0.094,0.09387,0.75941,6.31375e-05,6.31375e-05,6.31375e-05
153,1072.58,0.14103,0.1321,0.77244,0.99982,1,0.995,0.9949,0.10252,0.09696,0.75978,6.19e-05,6.19e-05,6.19e-05
154,1079.41,0.14257,0.1318,0.77284,0.99981,1,0.995,0.99499,0.09129,0.09176,0.75938,6.06625e-05,6.06625e-05,6.06625e-05
155,1086.29,0.14196,0.13243,0.77285,0.99981,1,0.995,0.99499,0.09109,0.09151,0.75935,5.9425e-05,5.9425e-05,5.9425e-05
156,1093.23,0.14354,0.13314,0.7708,0.9998,1,0.995,0.99496,0.09768,0.09499,0.75966,5.81875e-05,5.81875e-05,5.81875e-05
157,1099.97,0.14086,0.13116,0.77212,0.9998,1,0.995,0.99496,0.10117,0.09499,0.75973,5.695e-05,5.695e-05,5.695e-05
158,1106.68,0.13832,0.13027,0.77338,0.99981,1,0.995,0.99497,0.09423,0.09382,0.75954,5.57125e-05,5.57125e-05,5.57125e-05
159,1113.34,0.13788,0.13013,0.77255,0.99981,1,0.995,0.99497,0.08879,0.09067,0.75907,5.4475e-05,5.4475e-05,5.4475e-05
160,1119.95,0.13843,0.13043,0.77307,0.99981,1,0.995,0.99497,0.09473,0.09291,0.7596,5.32375e-05,5.32375e-05,5.32375e-05
161,1126.82,0.13793,0.12953,0.77342,0.99981,1,0.995,0.99498,0.09115,0.09146,0.75939,5.2e-05,5.2e-05,5.2e-05
162,1133.58,0.13738,0.12993,0.77347,0.99981,1,0.995,0.99495,0.09191,0.09168,0.75935,5.07625e-05,5.07625e-05,5.07625e-05
163,1140.33,0.13929,0.12984,0.77207,0.9998,1,0.995,0.99494,0.09932,0.09413,0.7596,4.9525e-05,4.9525e-05,4.9525e-05
164,1146.96,0.13611,0.12843,0.77169,0.99981,1,0.995,0.99498,0.08848,0.09036,0.75922,4.82875e-05,4.82875e-05,4.82875e-05
165,1153.75,0.14057,0.13016,0.7716,0.99982,1,0.995,0.99498,0.08541,0.08823,0.75915,4.705e-05,4.705e-05,4.705e-05
166,1160.46,0.13817,0.12887,0.7724,0.99981,1,0.995,0.99498,0.08892,0.08917,0.75925,4.58125e-05,4.58125e-05,4.58125e-05
167,1167.37,0.13547,0.12734,0.77054,0.99981,1,0.995,0.99496,0.09067,0.09002,0.75942,4.4575e-05,4.4575e-05,4.4575e-05
168,1174.19,0.1375,0.12805,0.77265,0.99981,1,0.995,0.99496,0.08933,0.08926,0.75945,4.33375e-05,4.33375e-05,4.33375e-05
169,1181,0.13467,0.12744,0.77118,0.99982,1,0.995,0.99497,0.08995,0.08963,0.75934,4.21e-05,4.21e-05,4.21e-05
170,1187.85,0.13554,0.12725,0.77264,0.99982,1,0.995,0.99499,0.09605,0.09227,0.75949,4.08625e-05,4.08625e-05,4.08625e-05
171,1194.55,0.13445,0.12567,0.77277,0.99981,1,0.995,0.99496,0.0988,0.09259,0.7597,3.9625e-05,3.9625e-05,3.9625e-05
172,1201.3,0.13545,0.12663,0.77336,0.99981,1,0.995,0.99498,0.08682,0.08703,0.7591,3.83875e-05,3.83875e-05,3.83875e-05
173,1208.06,0.13378,0.12614,0.77176,0.99981,1,0.995,0.995,0.08688,0.08764,0.75917,3.715e-05,3.715e-05,3.715e-05
174,1214.9,0.13399,0.12682,0.77279,0.99982,1,0.995,0.99498,0.08729,0.08794,0.75901,3.59125e-05,3.59125e-05,3.59125e-05
175,1221.77,0.13388,0.12601,0.77137,0.99983,1,0.995,0.99499,0.08497,0.08657,0.7589,3.4675e-05,3.4675e-05,3.4675e-05
176,1228.56,0.1312,0.12416,0.77138,0.99981,1,0.995,0.99496,0.08403,0.08601,0.75881,3.34375e-05,3.34375e-05,3.34375e-05
177,1235.26,0.13043,0.12273,0.77236,0.9998,1,0.995,0.99497,0.09019,0.08841,0.75915,3.22e-05,3.22e-05,3.22e-05
178,1242.07,0.13125,0.12313,0.77248,0.99982,1,0.995,0.99498,0.08402,0.08621,0.75871,3.09625e-05,3.09625e-05,3.09625e-05
179,1248.87,0.1303,0.12306,0.77287,0.99981,1,0.995,0.99497,0.08965,0.08865,0.75891,2.9725e-05,2.9725e-05,2.9725e-05
180,1255.51,0.13147,0.12393,0.77132,0.99981,1,0.995,0.99497,0.09034,0.08865,0.75899,2.84875e-05,2.84875e-05,2.84875e-05
181,1262.25,0.13476,0.12546,0.77227,0.9998,1,0.995,0.99496,0.09147,0.08929,0.75921,2.725e-05,2.725e-05,2.725e-05
182,1269.03,0.13155,0.12346,0.77224,0.99982,1,0.995,0.99498,0.08682,0.08714,0.75907,2.60125e-05,2.60125e-05,2.60125e-05
183,1275.67,0.13048,0.12171,0.77166,0.99981,1,0.995,0.99499,0.08827,0.08785,0.75911,2.4775e-05,2.4775e-05,2.4775e-05
184,1282.33,0.12731,0.12096,0.77205,0.99982,1,0.995,0.99499,0.08677,0.08643,0.75893,2.35375e-05,2.35375e-05,2.35375e-05
185,1289.15,0.13028,0.12248,0.77145,0.99982,1,0.995,0.99497,0.08715,0.08731,0.75888,2.23e-05,2.23e-05,2.23e-05
186,1295.97,0.12893,0.1216,0.77141,0.99982,1,0.995,0.99496,0.09087,0.08848,0.75898,2.10625e-05,2.10625e-05,2.10625e-05
187,1303.09,0.13001,0.12168,0.7706,0.99982,1,0.995,0.99497,0.09073,0.08826,0.75908,1.9825e-05,1.9825e-05,1.9825e-05
188,1309.79,0.13114,0.12253,0.77059,0.99982,1,0.995,0.99499,0.08748,0.08646,0.75919,1.85875e-05,1.85875e-05,1.85875e-05
189,1316.94,0.12952,0.12227,0.77217,0.99981,1,0.995,0.99498,0.08897,0.08706,0.7592,1.735e-05,1.735e-05,1.735e-05
190,1323.77,0.12957,0.12234,0.77131,0.99982,1,0.995,0.99499,0.08654,0.08594,0.75892,1.61125e-05,1.61125e-05,1.61125e-05
191,1351.89,0.14584,0.13576,0.7674,0.99978,1,0.995,0.99496,0.09639,0.09631,0.75757,1.4875e-05,1.4875e-05,1.4875e-05
192,1358.51,0.12879,0.12252,0.76654,0.9998,1,0.995,0.99498,0.09835,0.09826,0.75746,1.36375e-05,1.36375e-05,1.36375e-05
193,1365.23,0.12538,0.11907,0.76396,0.99979,1,0.995,0.99494,0.09999,0.09724,0.7578,1.24e-05,1.24e-05,1.24e-05
194,1371.85,0.12411,0.11727,0.76518,0.99979,1,0.995,0.99495,0.09557,0.09447,0.75758,1.11625e-05,1.11625e-05,1.11625e-05
195,1378.4,0.12134,0.11522,0.76503,0.99978,1,0.995,0.99494,0.09643,0.09345,0.75769,9.925e-06,9.925e-06,9.925e-06
196,1385.02,0.11778,0.11345,0.76414,0.99979,1,0.995,0.99498,0.09341,0.09214,0.75762,8.6875e-06,8.6875e-06,8.6875e-06
197,1391.63,0.11549,0.11137,0.76573,0.9998,1,0.995,0.99498,0.09323,0.09133,0.7576,7.45e-06,7.45e-06,7.45e-06
198,1398.26,0.11774,0.11258,0.76463,0.9998,1,0.995,0.99499,0.09083,0.09035,0.75755,6.2125e-06,6.2125e-06,6.2125e-06
199,1404.83,0.11787,0.11271,0.76679,0.9998,1,0.995,0.99498,0.09035,0.08973,0.75757,4.975e-06,4.975e-06,4.975e-06
200,1411.42,0.11598,0.11066,0.76379,0.9998,1,0.995,0.99498,0.09243,0.09073,0.75769,3.7375e-06,3.7375e-06,3.7375e-06
